180 0.151888 
179 0.170968 
178 0.192393 
177 0.214406 
176 0.235190 
175 0.252365 
174 0.265110 
173 0.272359 
172 0.273353 
171 0.267042 
170 0.254531 
169 0.236552 
168 0.214587 
167 0.189875 
166 0.164805 
165 0.141557 
164 0.122739 
163 0.110252 
162 0.105898 
161 0.111798 
160 0.128084 
159 0.155803 
158 0.194223 
157 0.242046 
156 0.297461 
155 0.357832 
154 0.420126 
153 0.480986 
152 0.536234 
151 0.583055 
150 0.616670 
149 0.634480 
148 0.635100 
147 0.616560 
146 0.580015 
145 0.526784 
144 0.458431 
143 0.380003 
142 0.296756 
141 0.214855 
140 0.140632 
139 0.081982 
138 0.046419 
137 0.040874 
136 0.071467 
135 0.142990 
134 0.258258 
133 0.418143 
132 0.621638 
131 0.865326 
130 1.143571 
129 1.447540 
128 1.763394 
127 2.082949 
126 2.394082 
125 2.683369 
124 2.928579 
123 3.127415 
122 3.269989 
121 3.337821 
120 3.334658 
119 3.255821 
118 3.096755 
117 2.874328 
116 2.591274 
115 2.263746 
114 1.906022 
113 1.535626 
112 1.170315 
111 0.826888 
110 0.526711 
109 0.285292 
108 0.115355 
107 0.025739 
106 0.021692 
105 0.103549 
104 0.267324 
103 0.503084 
102 0.797799 
101 1.134741 
100 1.495839 
99 1.859797 
98 2.207391 
97 2.512030 
96 2.762410 
95 2.945684 
94 3.051918 
93 3.061736 
92 2.985838 
91 2.829588 
90 2.601296 
89 2.301007 
88 1.959398 
87 1.595306 
86 1.228846 
85 0.878704 
84 0.573325 
83 0.332780 
82 0.175057 
81 0.115827 
80 0.166337 
79 0.337262 
78 0.622678 
77 0.999184 
76 1.449258 
75 1.985683 
74 2.554304 
73 3.092393 
72 3.569447 
71 3.968378 
70 4.254780 
69 4.406368 
68 4.403086 
67 4.245214 
66 3.933321 
65 3.514794 
64 3.009668 
63 2.475290 
62 1.958208 
61 1.519087 
60 1.211927 
59 1.081155 
58 1.159306 
57 1.467834 
56 1.992205 
55 2.704680 
54 3.569344 
53 4.510969 
52 5.455102 
51 6.325055 
50 7.043859 
49 7.543581 
48 7.779382 
47 7.728705 
46 7.393873 
45 6.791373 
44 5.984424 
43 5.041898 
42 4.054237 
41 3.105926 
40 2.275341 
39 1.627611 
38 1.208903 
37 1.036137 
36 1.100746 
35 1.370010 
34 1.782090 
33 2.272913 
32 2.770099 
31 3.189785 
30 3.483864 
29 3.604958 
28 3.537290 
27 3.303721 
26 2.944848 
25 2.521332 
24 2.115036 
23 1.811240 
22 1.683655 
21 1.825467 
20 2.262091 
19 3.030194 
18 4.148913 
17 5.511267 
16 7.107627 
15 8.883875 
14 10.685679 
13 12.282977 
12 13.713350 
11 14.891043 
10 15.756768 
9 16.191131 
8 16.183664 
7 15.728480 
6 14.921120 
5 13.824236 
4 12.508472 
3 11.018396 
2 9.484951 
1 7.991794 
0 6.608989 
