180 1.424588 
179 1.412097 
178 1.379176 
177 1.327786 
176 1.260705 
175 1.179726 
174 1.092870 
173 1.005371 
172 0.922464 
171 0.848364 
170 0.788185 
169 0.745426 
168 0.724491 
167 0.726206 
166 0.750037 
165 0.794879 
164 0.860231 
163 0.940829 
162 1.030116 
161 1.126768 
160 1.221943 
159 1.312841 
158 1.392592 
157 1.454077 
156 1.495614 
155 1.514120 
154 1.508232 
153 1.478201 
152 1.422568 
151 1.348034 
150 1.251180 
149 1.141510 
148 1.023986 
147 0.900033 
146 0.779689 
145 0.667643 
144 0.564697 
143 0.478411 
142 0.411771 
141 0.366462 
140 0.341552 
139 0.338054 
138 0.354830 
137 0.389332 
136 0.438244 
135 0.497635 
134 0.562946 
133 0.629000 
132 0.692432 
131 0.749312 
130 0.796256 
129 0.830484 
128 0.849890 
127 0.853882 
126 0.842411 
125 0.816259 
124 0.776824 
123 0.726676 
122 0.668535 
121 0.605426 
120 0.540606 
119 0.476200 
118 0.416295 
117 0.363355 
116 0.319422 
115 0.285846 
114 0.263368 
113 0.252045 
112 0.251204 
111 0.259157 
110 0.274940 
109 0.296673 
108 0.322011 
107 0.348935 
106 0.373957 
105 0.395668 
104 0.412813 
103 0.423923 
102 0.427846 
101 0.422821 
100 0.410598 
99 0.391582 
98 0.366714 
97 0.335977 
96 0.302446 
95 0.267965 
94 0.234292 
93 0.202528 
92 0.175131 
91 0.153506 
90 0.138697 
89 0.131219 
88 0.131624 
87 0.139753 
86 0.155043 
85 0.176258 
84 0.202294 
83 0.231620 
82 0.262468 
81 0.292264 
80 0.319578 
79 0.342618 
78 0.360227 
77 0.370241 
76 0.372237 
75 0.365868 
74 0.351703 
73 0.329588 
72 0.299953 
71 0.265558 
70 0.227023 
69 0.187134 
68 0.147540 
67 0.110509 
66 0.078314 
65 0.052757 
64 0.035508 
63 0.027894 
62 0.030515 
61 0.044048 
60 0.067819 
59 0.101374 
58 0.143415 
57 0.191932 
56 0.245246 
55 0.301144 
54 0.356530 
53 0.409438 
52 0.457630 
51 0.499024 
50 0.530997 
49 0.552619 
48 0.563221 
47 0.562410 
46 0.550301 
45 0.527085 
44 0.494131 
43 0.452691 
42 0.405215 
41 0.353761 
40 0.300485 
39 0.247458 
38 0.196601 
37 0.150027 
36 0.109221 
35 0.075296 
34 0.048815 
33 0.030275 
32 0.019544 
31 0.015896 
30 0.018629 
29 0.026687 
28 0.038413 
27 0.052692 
26 0.067878 
25 0.082752 
24 0.096116 
23 0.107006 
22 0.114728 
21 0.118628 
20 0.118845 
19 0.115634 
18 0.109290 
17 0.100567 
16 0.089847 
15 0.078186 
14 0.066537 
13 0.055533 
12 0.045793 
11 0.037842 
10 0.032060 
9 0.028450 
8 0.026948 
7 0.027352 
6 0.029250 
5 0.032154 
4 0.035545 
3 0.038785 
2 0.041477 
1 0.043279 
0 0.043962 
