180 0.044891 
179 0.043123 
178 0.039781 
177 0.035128 
176 0.029506 
175 0.023243 
174 0.017035 
173 0.011363 
172 0.006672 
171 0.003332 
170 0.001622 
169 0.001657 
168 0.003423 
167 0.006725 
166 0.011262 
165 0.016649 
164 0.022412 
163 0.028040 
162 0.032963 
161 0.036845 
160 0.039405 
159 0.040422 
158 0.039857 
157 0.037702 
156 0.034324 
155 0.030116 
154 0.025556 
153 0.021182 
152 0.017506 
151 0.015100 
150 0.014304 
149 0.015494 
148 0.018812 
147 0.024193 
146 0.031503 
145 0.040397 
144 0.050299 
143 0.060692 
142 0.070957 
141 0.080479 
140 0.088524 
139 0.094703 
138 0.098756 
137 0.100567 
136 0.100223 
135 0.098004 
134 0.094407 
133 0.089970 
132 0.085655 
131 0.082315 
130 0.080804 
129 0.081920 
128 0.086291 
127 0.094331 
126 0.106250 
125 0.121970 
124 0.140834 
123 0.162356 
122 0.185633 
121 0.209042 
120 0.231604 
119 0.251668 
118 0.267558 
117 0.278694 
116 0.283708 
115 0.282180 
114 0.273803 
113 0.258798 
112 0.237642 
111 0.210827 
110 0.180661 
109 0.148808 
108 0.117552 
107 0.088587 
106 0.063795 
105 0.045353 
104 0.034775 
103 0.033193 
102 0.041012 
101 0.058000 
100 0.083592 
99 0.116364 
98 0.154462 
97 0.194962 
96 0.235619 
95 0.273811 
94 0.306945 
93 0.331022 
92 0.345325 
91 0.348760 
90 0.340768 
89 0.319514 
88 0.288234 
87 0.248792 
86 0.203588 
85 0.154871 
84 0.107575 
83 0.065313 
82 0.031607 
81 0.009650 
80 0.002357 
79 0.011477 
78 0.037846 
77 0.080885 
76 0.139218 
75 0.210496 
74 0.291292 
73 0.377193 
72 0.462382 
71 0.543107 
70 0.615149 
69 0.674171 
68 0.716933 
67 0.738927 
66 0.740875 
65 0.723508 
64 0.688462 
63 0.638708 
62 0.577928 
61 0.511459 
60 0.443918 
59 0.380819 
58 0.327996 
57 0.290072 
56 0.270739 
55 0.272240 
54 0.296491 
53 0.342626 
52 0.408755 
51 0.491878 
50 0.588782 
49 0.693977 
48 0.801983 
47 0.907528 
46 1.005656 
45 1.090022 
44 1.158468 
43 1.208730 
42 1.239936 
41 1.252360 
40 1.247433 
39 1.226781 
38 1.191642 
37 1.148746 
36 1.102011 
35 1.054929 
34 1.007319 
33 0.965688 
32 0.931838 
31 0.902602 
30 0.880791 
29 0.865332 
28 0.850199 
27 0.837914 
26 0.822335 
25 0.802594 
24 0.776025 
23 0.740922 
22 0.697027 
21 0.643803 
20 0.583740 
19 0.520373 
18 0.455622 
17 0.395506 
16 0.342806 
15 0.302926 
14 0.280750 
13 0.278486 
12 0.298412 
11 0.342471 
10 0.409848 
9 0.497393 
8 0.601842 
7 0.718017 
6 0.840477 
5 0.962989 
4 1.079078 
3 1.178696 
2 1.258763 
1 1.315187 
0 1.344827 
